123	0.26598203498450385
101	0.020486421179807743
777	0.019829805116352368
007	0.01964595261858486
666	0.015312286599779377
111	0.01476072910647686
420	0.012475705205652152
100	0.01221305878027
321	0.010952355938435679
143	0.010453327730209593
999	0.00940274202868099
333	0.00929768345852813
001	0.008325891684614173
888	0.006881336345012344
911	0.006618689919630194
456	0.0059358092136366026
200	0.005725692073330882
222	0.005384251720334086
786	0.005279193150181226
555	0.005069076009875505
234	0.00462257708672585
789	0.004044754950885118
316	0.003965961023270474
000	0.003965961023270474
121	0.0038871670956558283
247	0.003361874244891527
112	0.0031254924620475917
125	0.0029679046068183013
444	0.002836581394127226
311	0.0027840521090507957
345	0.0026001996112832906
987	0.0025476703262068603
124	0.0024951410411304304
812	0.002442611756054
108	0.00233755318590114
182	0.00233755318590114
213	0.0022850239008247097
411	0.0022850239008247097
102	0.00223249461574828
500	0.0021799653306718496
360	0.0021799653306718496
198	0.0021274360455954193
122	0.0021011714030572046
711	0.0020749067605189894
314	0.0020486421179807743
300	0.002022377475442559
369	0.0019435835478279141
187	0.0019435835478279141
109	0.0018910542627514839
098	0.001864789620213269
212	0.001864789620213269
313	0.0017597310500604088
214	0.0017597310500604088
215	0.0017334664075221936
147	0.0017334664075221936
211	0.0017334664075221936
009	0.0017072017649839785
626	0.0016809371224457636
567	0.0016546724799075484
117	0.0016284078373693335
619	0.0016284078373693335
120	0.0016021431948311184
135	0.0015758785522929032
039	0.0015758785522929032
221	0.0015758785522929032
201	0.0015496139097546883
110	0.0015496139097546883
678	0.0015496139097546883
900	0.0015233492672164731
126	0.0015233492672164731
223	0.0014970846246782582
423	0.0014970846246782582
159	0.001470819982140043
220	0.001444555339601828
128	0.001418290697063613
131	0.001418290697063613
008	0.001418290697063613
323	0.0013920260545253979
357	0.0013920260545253979
105	0.0013920260545253979
113	0.0013920260545253979
713	0.001365761411987183
197	0.001365761411987183
127	0.0013394967694489678
808	0.0013394967694489678
310	0.0013394967694489678
246	0.0013394967694489678
312	0.0013132321269107526
890	0.0013132321269107526
012	0.0012869674843725377
003	0.0012869674843725377
325	0.0012869674843725377
621	0.0012607028418343226
714	0.0012607028418343226
104	0.0012344381992961076
707	0.0012344381992961076
224	0.0012344381992961076
199	0.0012344381992961076
413	0.0012344381992961076
217	0.0012344381992961076
717	0.0012344381992961076
202	0.0012344381992961076
210	0.0012344381992961076
512	0.0012344381992961076
412	0.0012081735567578925
421	0.0012081735567578925
002	0.0012081735567578925
712	0.0012081735567578925
250	0.0012081735567578925
400	0.0012081735567578925
828	0.0011819089142196776
116	0.0011819089142196776
219	0.0011556442716814624
916	0.0011556442716814624
103	0.0011556442716814624
700	0.0011556442716814624
415	0.0011556442716814624
317	0.0011556442716814624
727	0.0011293796291432473
520	0.0011293796291432473
326	0.0011293796291432473
513	0.0011293796291432473
218	0.0011293796291432473
747	0.0011293796291432473
365	0.0011293796291432473
150	0.0011031149866050324
132	0.0011031149866050324
424	0.0011031149866050324
119	0.0011031149866050324
129	0.0011031149866050324
600	0.0011031149866050324
318	0.0011031149866050324
909	0.0010768503440668172
800	0.0010768503440668172
107	0.0010768503440668172
216	0.0010768503440668172
613	0.0010768503440668172
327	0.0010505857015286023
614	0.0010505857015286023
137	0.0010505857015286023
330	0.0010243210589903871
523	0.0010243210589903871
525	0.0010243210589903871
515	0.0010243210589903871
831	0.0010243210589903871
427	0.000998056416452172
510	0.000998056416452172
718	0.000998056416452172
231	0.000998056416452172
328	0.000998056416452172
106	0.000998056416452172
723	0.0009717917739139571
225	0.0009717917739139571
257	0.0009717917739139571
196	0.0009717917739139571
419	0.0009717917739139571
324	0.0009455271313757419
320	0.0009455271313757419
913	0.0009455271313757419
209	0.0009455271313757419
623	0.0009192624888375269
425	0.0009192624888375269
145	0.0009192624888375269
813	0.0009192624888375269
118	0.0009192624888375269
227	0.0009192624888375269
258	0.0009192624888375269
331	0.0009192624888375269
612	0.0008929978462993119
305	0.0008929978462993119
195	0.0008929978462993119
315	0.0008929978462993119
114	0.0008929978462993119
951	0.0008929978462993119
923	0.0008929978462993119
303	0.0008667332037610968
334	0.0008667332037610968
505	0.0008667332037610968
624	0.0008667332037610968
720	0.0008667332037610968
818	0.0008667332037610968
531	0.0008667332037610968
329	0.0008667332037610968
011	0.0008667332037610968
428	0.0008404685612228818
144	0.0008404685612228818
422	0.0008404685612228818
154	0.0008404685612228818
617	0.0008404685612228818
928	0.0008404685612228818
233	0.0008404685612228818
005	0.0008404685612228818
753	0.0008404685612228818
989	0.0008404685612228818
168	0.0008404685612228818
115	0.0008142039186846667
228	0.0008142039186846667
521	0.0008142039186846667
151	0.0008142039186846667
918	0.0008142039186846667
722	0.0008142039186846667
139	0.0008142039186846667
350	0.0008142039186846667
715	0.0008142039186846667
309	0.0008142039186846667
226	0.0008142039186846667
610	0.0008142039186846667
429	0.0007879392761464516
920	0.0007879392761464516
130	0.0007879392761464516
667	0.0007879392761464516
232	0.0007879392761464516
628	0.0007879392761464516
516	0.0007879392761464516
414	0.0007879392761464516
710	0.0007616746336082366
319	0.0007616746336082366
817	0.0007616746336082366
627	0.0007616746336082366
823	0.0007616746336082366
511	0.0007616746336082366
528	0.0007616746336082366
820	0.0007616746336082366
925	0.0007616746336082366
189	0.0007616746336082366
919	0.0007354099910700215
716	0.0007354099910700215
822	0.0007354099910700215
926	0.0007354099910700215
006	0.0007354099910700215
455	0.0007354099910700215
504	0.0007354099910700215
322	0.0007354099910700215
524	0.0007354099910700215
622	0.0007354099910700215
133	0.0007091453485318065
242	0.0007091453485318065
721	0.0007091453485318065
611	0.0007091453485318065
514	0.0007091453485318065
418	0.0007091453485318065
157	0.0007091453485318065
138	0.0007091453485318065
929	0.0007091453485318065
654	0.0007091453485318065
301	0.0007091453485318065
518	0.0007091453485318065
914	0.0007091453485318065
509	0.0007091453485318065
416	0.0006828807059935915
815	0.0006828807059935915
417	0.0006828807059935915
169	0.0006828807059935915
616	0.0006828807059935915
825	0.0006828807059935915
343	0.0006828807059935915
254	0.0006828807059935915
155	0.0006828807059935915
177	0.0006828807059935915
337	0.0006828807059935915
469	0.0006828807059935915
141	0.0006828807059935915
180	0.0006828807059935915
724	0.0006566160634553763
921	0.0006566160634553763
256	0.0006566160634553763
922	0.0006566160634553763
927	0.0006566160634553763
252	0.0006566160634553763
526	0.0006566160634553763
719	0.0006566160634553763
810	0.0006566160634553763
731	0.0006566160634553763
426	0.0006566160634553763
269	0.0006566160634553763
235	0.0006566160634553763
501	0.0006566160634553763
910	0.0006566160634553763
876	0.0006566160634553763
410	0.0006566160634553763
205	0.0006566160634553763
262	0.0006303514209171613
142	0.0006303514209171613
237	0.0006303514209171613
240	0.0006303514209171613
432	0.0006303514209171613
355	0.0006303514209171613
728	0.0006303514209171613
356	0.0006303514209171613
245	0.0006303514209171613
134	0.0006303514209171613
530	0.0006303514209171613
915	0.0006303514209171613
270	0.0006303514209171613
451	0.0006303514209171613
017	0.0006303514209171613
307	0.0006040867783789462
550	0.0006040867783789462
302	0.0006040867783789462
152	0.0006040867783789462
188	0.0006040867783789462
010	0.0006040867783789462
178	0.0006040867783789462
248	0.0006040867783789462
281	0.0006040867783789462
404	0.0006040867783789462
203	0.0006040867783789462
821	0.0006040867783789462
454	0.0006040867783789462
912	0.0006040867783789462
004	0.0005778221358407312
468	0.0005778221358407312
243	0.0005778221358407312
529	0.0005778221358407312
601	0.0005778221358407312
737	0.0005778221358407312
207	0.0005778221358407312
405	0.0005778221358407312
359	0.0005778221358407312
304	0.0005778221358407312
149	0.0005778221358407312
190	0.0005778221358407312
194	0.0005778221358407312
615	0.0005515574933025162
805	0.0005515574933025162
236	0.0005515574933025162
156	0.0005515574933025162
991	0.0005515574933025162
191	0.0005515574933025162
527	0.0005515574933025162
206	0.0005515574933025162
238	0.0005515574933025162
729	0.0005515574933025162
629	0.0005515574933025162
363	0.0005515574933025162
153	0.0005515574933025162
726	0.0005252928507643011
172	0.0005252928507643011
765	0.0005252928507643011
335	0.0005252928507643011
819	0.0005252928507643011
725	0.0005252928507643011
824	0.0005252928507643011
519	0.0005252928507643011
229	0.0005252928507643011
381	0.0005252928507643011
031	0.0005252928507643011
606	0.0005252928507643011
522	0.0005252928507643011
140	0.0005252928507643011
852	0.0005252928507643011
543	0.0005252928507643011
901	0.0005252928507643011
208	0.0005252928507643011
702	0.000499028208226086
435	0.000499028208226086
556	0.000499028208226086
267	0.000499028208226086
389	0.000499028208226086
636	0.000499028208226086
603	0.000499028208226086
239	0.000499028208226086
630	0.000499028208226086
171	0.000499028208226086
811	0.000499028208226086
450	0.000499028208226086
618	0.000499028208226086
244	0.000499028208226086
277	0.00047276356568787096
349	0.00047276356568787096
255	0.00047276356568787096
750	0.00047276356568787096
625	0.00047276356568787096
430	0.00047276356568787096
633	0.00047276356568787096
342	0.00047276356568787096
287	0.00047276356568787096
908	0.00047276356568787096
013	0.00047276356568787096
705	0.00047276356568787096
517	0.00047276356568787096
241	0.00047276356568787096
440	0.00047276356568787096
845	0.00047276356568787096
903	0.00047276356568787096
924	0.00047276356568787096
772	0.00047276356568787096
298	0.00047276356568787096
297	0.00047276356568787096
561	0.00047276356568787096
266	0.00047276356568787096
332	0.00044649892314965593
774	0.00044649892314965593
620	0.00044649892314965593
508	0.00044649892314965593
734	0.00044649892314965593
099	0.00044649892314965593
408	0.00044649892314965593
401	0.00044649892314965593
507	0.00044649892314965593
251	0.00044649892314965593
708	0.00044649892314965593
963	0.00044649892314965593
377	0.00044649892314965593
546	0.00044649892314965593
549	0.00044649892314965593
253	0.00044649892314965593
478	0.00044649892314965593
275	0.00044649892314965593
874	0.00044649892314965593
904	0.0004202342806114409
917	0.0004202342806114409
730	0.0004202342806114409
894	0.0004202342806114409
021	0.0004202342806114409
826	0.0004202342806114409
595	0.0004202342806114409
161	0.0004202342806114409
733	0.0004202342806114409
830	0.0004202342806114409
375	0.0004202342806114409
383	0.0004202342806114409
358	0.0004202342806114409
272	0.0004202342806114409
757	0.0004202342806114409
069	0.0004202342806114409
379	0.0004202342806114409
445	0.0004202342806114409
897	0.0004202342806114409
364	0.0004202342806114409
869	0.0004202342806114409
166	0.0004202342806114409
801	0.0004202342806114409
077	0.0004202342806114409
770	0.0004202342806114409
642	0.0004202342806114409
162	0.0004202342806114409
022	0.0004202342806114409
545	0.0004202342806114409
930	0.0004202342806114409
954	0.0004202342806114409
347	0.0004202342806114409
690	0.0004202342806114409
569	0.0004202342806114409
762	0.0004202342806114409
354	0.0004202342806114409
263	0.0004202342806114409
689	0.0004202342806114409
458	0.0004202342806114409
175	0.0004202342806114409
974	0.0004202342806114409
699	0.0003939696380732258
686	0.0003939696380732258
181	0.0003939696380732258
163	0.0003939696380732258
452	0.0003939696380732258
173	0.0003939696380732258
284	0.0003939696380732258
018	0.0003939696380732258
976	0.0003939696380732258
814	0.0003939696380732258
978	0.0003939696380732258
990	0.0003939696380732258
816	0.0003939696380732258
276	0.0003939696380732258
457	0.0003939696380732258
809	0.0003939696380732258
703	0.0003939696380732258
650	0.0003939696380732258
280	0.0003939696380732258
465	0.0003939696380732258
090	0.0003939696380732258
741	0.0003939696380732258
167	0.0003939696380732258
336	0.0003939696380732258
969	0.0003939696380732258
289	0.0003939696380732258
160	0.0003939696380732258
735	0.0003939696380732258
740	0.0003939696380732258
756	0.0003939696380732258
656	0.0003939696380732258
409	0.00036770499553501077
669	0.00036770499553501077
986	0.00036770499553501077
787	0.00036770499553501077
278	0.00036770499553501077
503	0.00036770499553501077
486	0.00036770499553501077
967	0.00036770499553501077
696	0.00036770499553501077
179	0.00036770499553501077
047	0.00036770499553501077
361	0.00036770499553501077
477	0.00036770499553501077
672	0.00036770499553501077
506	0.00036770499553501077
388	0.00036770499553501077
899	0.00036770499553501077
631	0.00036770499553501077
701	0.00036770499553501077
649	0.00036770499553501077
185	0.00036770499553501077
980	0.00036770499553501077
260	0.00036770499553501077
453	0.00036770499553501077
285	0.00036770499553501077
193	0.00036770499553501077
165	0.00036770499553501077
902	0.00036770499553501077
554	0.00036770499553501077
164	0.00036770499553501077
394	0.00036770499553501077
399	0.00034144035299679573
259	0.00034144035299679573
767	0.00034144035299679573
609	0.00034144035299679573
602	0.00034144035299679573
271	0.00034144035299679573
939	0.00034144035299679573
492	0.00034144035299679573
934	0.00034144035299679573
907	0.00034144035299679573
265	0.00034144035299679573
390	0.00034144035299679573
562	0.00034144035299679573
032	0.00034144035299679573
264	0.00034144035299679573
462	0.00034144035299679573
261	0.00034144035299679573
407	0.00034144035299679573
306	0.00034144035299679573
803	0.00034144035299679573
380	0.00034144035299679573
249	0.00034144035299679573
798	0.00034144035299679573
566	0.00034144035299679573
308	0.00034144035299679573
706	0.00034144035299679573
176	0.00034144035299679573
442	0.00034144035299679573
829	0.00034144035299679573
879	0.00034144035299679573
675	0.00034144035299679573
292	0.00034144035299679573
395	0.00034144035299679573
590	0.00034144035299679573
387	0.00034144035299679573
752	0.00034144035299679573
688	0.00034144035299679573
773	0.00034144035299679573
932	0.00034144035299679573
564	0.00034144035299679573
089	0.00034144035299679573
573	0.00034144035299679573
438	0.00031517571045858064
742	0.00031517571045858064
352	0.00031517571045858064
645	0.00031517571045858064
751	0.00031517571045858064
775	0.00031517571045858064
985	0.00031517571045858064
351	0.00031517571045858064
479	0.00031517571045858064
148	0.00031517571045858064
953	0.00031517571045858064
998	0.00031517571045858064
563	0.00031517571045858064
850	0.00031517571045858064
498	0.00031517571045858064
283	0.00031517571045858064
763	0.00031517571045858064
340	0.00031517571045858064
485	0.00031517571045858064
586	0.00031517571045858064
864	0.00031517571045858064
204	0.00031517571045858064
886	0.00031517571045858064
472	0.00031517571045858064
088	0.00031517571045858064
944	0.00031517571045858064
607	0.00031517571045858064
827	0.00031517571045858064
574	0.00031517571045858064
158	0.00031517571045858064
694	0.00031517571045858064
295	0.00031517571045858064
136	0.00031517571045858064
788	0.00031517571045858064
535	0.00031517571045858064
973	0.00031517571045858064
338	0.00031517571045858064
836	0.00031517571045858064
537	0.00031517571045858064
439	0.00031517571045858064
997	0.00031517571045858064
905	0.00031517571045858064
679	0.00031517571045858064
192	0.00031517571045858064
778	0.0002889110679203656
290	0.0002889110679203656
995	0.0002889110679203656
446	0.0002889110679203656
565	0.0002889110679203656
652	0.0002889110679203656
579	0.0002889110679203656
854	0.0002889110679203656
898	0.0002889110679203656
643	0.0002889110679203656
402	0.0002889110679203656
604	0.0002889110679203656
865	0.0002889110679203656
496	0.0002889110679203656
691	0.0002889110679203656
632	0.0002889110679203656
766	0.0002889110679203656
042	0.0002889110679203656
433	0.0002889110679203656
833	0.0002889110679203656
434	0.0002889110679203656
020	0.0002889110679203656
676	0.0002889110679203656
804	0.0002889110679203656
661	0.0002889110679203656
024	0.0002889110679203656
578	0.0002889110679203656
027	0.0002889110679203656
536	0.0002889110679203656
464	0.0002889110679203656
033	0.0002889110679203656
867	0.0002889110679203656
979	0.0002889110679203656
608	0.0002889110679203656
025	0.0002889110679203656
398	0.0002889110679203656
892	0.0002889110679203656
635	0.0002889110679203656
538	0.0002889110679203656
937	0.0002889110679203656
273	0.0002889110679203656
891	0.0002889110679203656
585	0.0002889110679203656
673	0.0002889110679203656
341	0.0002889110679203656
374	0.0002889110679203656
376	0.0002889110679203656
655	0.0002889110679203656
230	0.0002889110679203656
837	0.0002889110679203656
288	0.0002889110679203656
784	0.0002889110679203656
732	0.0002889110679203656
348	0.00026264642538215057
862	0.00026264642538215057
877	0.00026264642538215057
480	0.00026264642538215057
975	0.00026264642538215057
539	0.00026264642538215057
291	0.00026264642538215057
551	0.00026264642538215057
866	0.00026264642538215057
362	0.00026264642538215057
487	0.00026264642538215057
488	0.00026264642538215057
873	0.00026264642538215057
030	0.00026264642538215057
449	0.00026264642538215057
658	0.00026264642538215057
063	0.00026264642538215057
344	0.00026264642538215057
183	0.00026264642538215057
471	0.00026264642538215057
028	0.00026264642538215057
802	0.00026264642538215057
582	0.00026264642538215057
547	0.00026264642538215057
660	0.00026264642538215057
856	0.00026264642538215057
559	0.00026264642538215057
080	0.00026264642538215057
279	0.00026264642538215057
736	0.00026264642538215057
502	0.00026264642538215057
964	0.00026264642538215057
942	0.00026264642538215057
403	0.00026264642538215057
393	0.00026264642538215057
474	0.00026264642538215057
470	0.00026264642538215057
755	0.00026264642538215057
467	0.00026264642538215057
184	0.00026264642538215057
186	0.00026264642538215057
019	0.00026264642538215057
945	0.00026264642538215057
832	0.00026264642538215057
070	0.00026264642538215057
598	0.00026264642538215057
386	0.00026264642538215057
880	0.00026264642538215057
834	0.00026264642538215057
958	0.00026264642538215057
459	0.00026264642538215057
378	0.00026264642538215057
634	0.00026264642538215057
560	0.00026264642538215057
960	0.00026264642538215057
044	0.00026264642538215057
534	0.00023638178284393548
782	0.00023638178284393548
709	0.00023638178284393548
466	0.00023638178284393548
878	0.00023638178284393548
853	0.00023638178284393548
843	0.00023638178284393548
881	0.00023638178284393548
743	0.00023638178284393548
769	0.00023638178284393548
045	0.00023638178284393548
704	0.00023638178284393548
448	0.00023638178284393548
648	0.00023638178284393548
657	0.00023638178284393548
587	0.00023638178284393548
040	0.00023638178284393548
443	0.00023638178284393548
062	0.00023638178284393548
785	0.00023638178284393548
484	0.00023638178284393548
842	0.00023638178284393548
055	0.00023638178284393548
870	0.00023638178284393548
776	0.00023638178284393548
589	0.00023638178284393548
463	0.00023638178284393548
887	0.00023638178284393548
584	0.00023638178284393548
779	0.00023638178284393548
268	0.00023638178284393548
781	0.00023638178284393548
682	0.00023638178284393548
558	0.00023638178284393548
091	0.00023638178284393548
092	0.00023638178284393548
935	0.00023638178284393548
286	0.00023638178284393548
282	0.00023638178284393548
016	0.00023638178284393548
683	0.00023638178284393548
460	0.00023638178284393548
447	0.00023638178284393548
353	0.00023638178284393548
571	0.00023638178284393548
796	0.00023638178284393548
799	0.00023638178284393548
296	0.00023638178284393548
475	0.00023638178284393548
931	0.00023638178284393548
738	0.00023638178284393548
368	0.00023638178284393548
575	0.00023638178284393548
588	0.00023638178284393548
637	0.00023638178284393548
972	0.00023638178284393548
367	0.00023638178284393548
875	0.00023638178284393548
956	0.00023638178284393548
940	0.00023638178284393548
968	0.00023638178284393548
948	0.00023638178284393548
274	0.00023638178284393548
970	0.00023638178284393548
593	0.00023638178284393548
083	0.00023638178284393548
060	0.00023638178284393548
023	0.00023638178284393548
988	0.00023638178284393548
437	0.00023638178284393548
294	0.00021011714030572045
754	0.00021011714030572045
299	0.00021011714030572045
392	0.00021011714030572045
668	0.00021011714030572045
748	0.00021011714030572045
078	0.00021011714030572045
906	0.00021011714030572045
494	0.00021011714030572045
533	0.00021011714030572045
977	0.00021011714030572045
489	0.00021011714030572045
396	0.00021011714030572045
739	0.00021011714030572045
949	0.00021011714030572045
943	0.00021011714030572045
499	0.00021011714030572045
473	0.00021011714030572045
662	0.00021011714030572045
848	0.00021011714030572045
984	0.00021011714030572045
680	0.00021011714030572045
597	0.00021011714030572045
056	0.00021011714030572045
170	0.00021011714030572045
146	0.00021011714030572045
959	0.00021011714030572045
647	0.00021011714030572045
293	0.00021011714030572045
370	0.00021011714030572045
576	0.00021011714030572045
950	0.00021011714030572045
936	0.00021011714030572045
026	0.00021011714030572045
889	0.00021011714030572045
371	0.00021011714030572045
983	0.00021011714030572045
695	0.00021011714030572045
591	0.00021011714030572045
373	0.00021011714030572045
760	0.00021011714030572045
570	0.00021011714030572045
366	0.00021011714030572045
677	0.00021011714030572045
014	0.00021011714030572045
759	0.00021011714030572045
050	0.00021011714030572045
048	0.00021011714030572045
346	0.00021011714030572045
580	0.00021011714030572045
670	0.00021011714030572045
095	0.00021011714030572045
644	0.00021011714030572045
744	0.00021011714030572045
441	0.00021011714030572045
838	0.00018385249776750538
847	0.00018385249776750538
406	0.00018385249776750538
955	0.00018385249776750538
884	0.00018385249776750538
495	0.00018385249776750538
493	0.00018385249776750538
568	0.00018385249776750538
599	0.00018385249776750538
532	0.00018385249776750538
871	0.00018385249776750538
605	0.00018385249776750538
481	0.00018385249776750538
780	0.00018385249776750538
957	0.00018385249776750538
384	0.00018385249776750538
893	0.00018385249776750538
577	0.00018385249776750538
052	0.00018385249776750538
674	0.00018385249776750538
761	0.00018385249776750538
671	0.00018385249776750538
639	0.00018385249776750538
397	0.00018385249776750538
783	0.00018385249776750538
768	0.00018385249776750538
698	0.00018385249776750538
544	0.00018385249776750538
035	0.00018385249776750538
794	0.00018385249776750538
382	0.00018385249776750538
764	0.00018385249776750538
663	0.00018385249776750538
745	0.00018385249776750538
858	0.00018385249776750538
665	0.00018385249776750538
651	0.00018385249776750538
066	0.00018385249776750538
541	0.00018385249776750538
087	0.00018385249776750538
540	0.00018385249776750538
385	0.00018385249776750538
097	0.00018385249776750538
640	0.00018385249776750538
552	0.00018385249776750538
057	0.00018385249776750538
933	0.00018385249776750538
542	0.00015758785522929032
697	0.00015758785522929032
051	0.00015758785522929032
548	0.00015758785522929032
840	0.00015758785522929032
646	0.00015758785522929032
681	0.00015758785522929032
851	0.00015758785522929032
592	0.00015758785522929032
793	0.00015758785522929032
790	0.00015758785522929032
981	0.00015758785522929032
037	0.00015758785522929032
872	0.00015758785522929032
174	0.00015758785522929032
664	0.00015758785522929032
029	0.00015758785522929032
961	0.00015758785522929032
797	0.00015758785522929032
072	0.00015758785522929032
372	0.00015758785522929032
896	0.00015758785522929032
839	0.00015758785522929032
436	0.00015758785522929032
883	0.00015758785522929032
806	0.00015758785522929032
835	0.00015758785522929032
844	0.00015758785522929032
692	0.00015758785522929032
994	0.00015758785522929032
079	0.00015758785522929032
015	0.00015758785522929032
792	0.00015758785522929032
807	0.00015758785522929032
641	0.00015758785522929032
431	0.00015758785522929032
553	0.00015758785522929032
841	0.00015758785522929032
687	0.00015758785522929032
859	0.00015758785522929032
061	0.00015758785522929032
081	0.00015758785522929032
993	0.00015758785522929032
868	0.00015758785522929032
082	0.00015758785522929032
065	0.00015758785522929032
074	0.00015758785522929032
391	0.00013132321269107529
034	0.00013132321269107529
497	0.00013132321269107529
971	0.00013132321269107529
749	0.00013132321269107529
758	0.00013132321269107529
482	0.00013132321269107529
653	0.00013132321269107529
996	0.00013132321269107529
684	0.00013132321269107529
491	0.00013132321269107529
064	0.00013132321269107529
659	0.00013132321269107529
557	0.00013132321269107529
693	0.00013132321269107529
895	0.00013132321269107529
685	0.00013132321269107529
490	0.00013132321269107529
476	0.00013132321269107529
572	0.00013132321269107529
067	0.00013132321269107529
992	0.00013132321269107529
085	0.00013132321269107529
043	0.00013132321269107529
096	0.00013132321269107529
962	0.00013132321269107529
860	0.00010505857015286022
861	0.00010505857015286022
075	0.00010505857015286022
638	0.00010505857015286022
795	0.00010505857015286022
857	0.00010505857015286022
952	0.00010505857015286022
053	0.00010505857015286022
855	0.00010505857015286022
941	0.00010505857015286022
049	0.00010505857015286022
791	0.00010505857015286022
594	0.00010505857015286022
581	0.00010505857015286022
982	0.00010505857015286022
073	0.00010505857015286022
084	0.00010505857015286022
846	0.00010505857015286022
966	0.00010505857015286022
596	0.00010505857015286022
068	0.00010505857015286022
771	0.00010505857015286022
041	0.00010505857015286022
885	7.879392761464516e-05
965	7.879392761464516e-05
938	7.879392761464516e-05
947	7.879392761464516e-05
461	7.879392761464516e-05
036	7.879392761464516e-05
076	7.879392761464516e-05
054	7.879392761464516e-05
093	7.879392761464516e-05
583	7.879392761464516e-05
046	7.879392761464516e-05
339	7.879392761464516e-05
059	7.879392761464516e-05
863	5.252928507643011e-05
038	5.252928507643011e-05
849	5.252928507643011e-05
058	5.252928507643011e-05
746	5.252928507643011e-05
483	5.252928507643011e-05
946	5.252928507643011e-05
094	2.6264642538215056e-05
882	2.6264642538215056e-05
071	2.6264642538215056e-05
